log_likelihood	T_WGD	TF	nuWGD	nuF	H	misid	theta
-468.14931452485075	0.1349255296848236	0.4818208077834943	0.13041008555680236	0.8938858591718549	0.0	0.0101	5860.910580329804
-562.6230542711533	0.33092670228885207	0.2954584942059609	0.24657041306381833	1.068248276454495	0.0	0.010025	5925.2247137847535
-388.303774991016	0.28559264761111464	0.3507038019665577	0.26144637634176776	0.9817758022922879	0.0	0.0101	5756.346978464351
-530.9243084055222	0.20419400391841092	0.47109554967207834	0.32630889175853295	0.7018870654894706	0.0	0.010100000000000001	5839.905726983631
-471.58265444305937	0.5137756722846734	0.16684275606764307	0.4865222630911732	1.226770703369732	0.0	0.010099521510055814	5479.485811399997
-378.36371427630377	0.41320984044534853	0.22999149931648122	0.3727564242453629	1.1114763955534377	0.0	0.0101	5681.693606873994
-427.1121164419584	0.11974195544896421	0.3679569119447131	0.15089923609075284	0.7951041341598458	0.0	0.0101	6189.763183396853
-534.7555799160323	0.413435608848027	0.11481380506767852	0.3756466849040482	1.725708465658935	0.0	0.010099980712411454	5976.152144689636
-478.4931958473697	0.3723584849961851	0.5450213579528355	0.30742937989547625	1.007415376579838	0.0	0.010025000000000001	5175.182525330308
-465.1810436795944	0.3736900407970553	0.2364311566118112	0.29332338941159686	0.9763152651245776	0.0	0.010100000000000001	6081.788952904717
-895.7252793578992	0.24798299631086787	0.21078803374215555	0.19241678394549816	1.7792392942798543	0.0	0.010025	6104.821686411768
-661.5223697635327	0.17650261872928627	0.3173993837228564	0.2751531562255126	0.6735315391237437	0.0	0.01009986914232925	6238.080391487486
-525.4073212685001	0.14296107109650422	0.575902478441996	0.2808440089990802	0.7248971293699932	0.0	0.010025000000000001	5678.505776007761
-430.6830509058645	0.3151613208578233	0.313983879062203	0.28682893875168136	0.819226670893329	0.0	0.0101	6043.489129149687
-462.60853321731577	0.14729457465568083	0.5606974529691968	0.23284354562890983	0.7326133156563073	0.0	0.010025	5764.294611187222
-499.4113064368177	0.3295607140183063	0.42129888983082403	0.26111026395423464	0.9928439324581481	0.0	0.010025	5572.579267249879
-839.452683316982	0.3393987682853121	0.08511031926725796	0.3744500920863847	1.7897019882701715	0.0	0.0101	6155.076439454783
-473.7775557591252	0.2627587469497345	0.49859230460794046	0.25687088135227804	1.1333997540877645	0.0	0.010025000000000001	5178.86746935701
-815.8158296630173	0.39237879354793403	0.20401622042524917	0.3530372210054019	0.5891632836598295	0.0	0.010099999999999998	6576.056443484766
-455.5440741221022	0.13480995718659955	0.5699173402073289	0.13760737343264892	0.8789673301101745	0.0	0.0101	5660.331792853119
-565.3546656935061	0.35273775386746375	0.581740200087515	0.36674638790468844	1.226063891567248	0.0	0.0101	4715.100356017928
-411.5135781121569	0.23295506577082942	0.5455144142683321	0.3011982357803229	0.9010644012193932	0.0	0.0101	5338.074485088313
-751.4023540511503	0.3113606999727643	0.1859416736089283	0.398981308675237	0.8270092159301787	0.0	0.0101	6008.585037406563
-453.1053218967089	0.27658595542602965	0.3619691106330812	0.2395899198644482	0.8806538487258825	0.0	0.010025000000000001	5951.554778165228
-434.0952814608627	0.4185123685584922	0.2092976840971576	0.3999532134040741	1.1941182679979554	0.0	0.0101	5604.288584888629
-408.45598823140426	0.16353361949700887	0.5231414968380637	0.2052231782861423	0.7900005397469062	0.0	0.0101	5765.734739628892
-662.545944335805	0.10593912226047138	0.2741079068696072	0.09418662481593061	1.1566769367992873	0.0	0.0101	6419.212072818655
-1461.5748031386775	0.14042037308438834	0.5527392754754863	0.1028341574758113	1.6277681928726	0.0	0.0101	4959.7484187446535
-865.9440018616938	0.24438375390432088	0.16975323784448113	0.27927550474648366	1.7897537090734088	0.0	0.0101	5861.879715958705
-636.744391434177	0.23611825476062998	0.15035405910767397	0.23069789738627097	1.4975305371350542	0.0	0.0101	6380.274465892025
-489.83906190954553	0.19475704900716634	0.37108789746355425	0.26543114049943445	0.8655834739154789	0.0	0.010099878477957961	5777.89252289214
-566.0079155305204	0.3719071160936787	0.23010773464357875	0.27438080993800196	1.2730886294705228	0.0	0.0101	5928.04085208792
-403.2745266612101	0.14810765537641477	0.5310415728609685	0.1864480050534677	0.9236373769510562	0.0	0.010025000000000001	5504.314464636851
-567.0080814985855	0.3171821772223611	0.16008580124810246	0.3215064020805343	1.3859509322940657	0.0	0.010025000000000001	5980.544609555489
-440.4428918237672	0.2407039744897889	0.2867043914961837	0.24540909357122018	0.7885484987645883	0.0	0.0101	6271.096366504752
-862.8421415520493	0.31515860155454656	0.24694811497925523	0.2357198939306269	0.7064145006494537	0.0	0.010099968001142315	6683.424890836285
-746.7806139964536	0.26681119639812567	0.4504439944208602	0.5379289756751191	0.6689830865085808	0.0	0.010099838396006323	5686.0446860772
-726.1847987343779	0.2858294815852256	0.25674472655485014	0.3014075508670935	1.57806326561504	0.0	0.0101	5433.383333807907
-396.9752862471863	0.30447929308458255	0.3987901581610412	0.3322501902304153	0.8119877173581724	0.0	0.010025	5727.386619541039
-1149.016926816894	0.17268457925924213	0.18014488154668104	0.13077695733700456	0.7472221631292304	0.0	0.0101	7450.021311093444
-602.0173621072186	0.07947449046049088	0.4454068586403777	0.15299026716752215	0.7620890633750677	0.0	0.0101	5920.001748646303
-440.1022507087463	0.26859911742063336	0.3081924600231145	0.26815010876512835	0.7756537427399381	0.0	0.0101	6174.0748625121205
-742.5023446891449	0.2256508265475612	0.17062952256553768	0.24507956617276017	1.6278718981015787	0.0	0.0101	6060.867115449873
-611.3726966392112	0.11456179706594434	0.3518070957627362	0.10766535447442767	1.2149442599379079	0.0	0.0101	5902.948685920355
-683.5413168991113	0.3846711105263539	0.5851445076764216	0.3307603120687261	1.376149940979601	0.0	0.0101	4613.206503185852
-440.76875159152587	0.28958597994402746	0.22653972507102843	0.26831368755865165	0.8750516040654273	0.0	0.0101	6298.20171759209
-624.5313587694702	0.29576106838637795	0.43597808064252264	0.47907497884362193	0.6849748810854637	0.0	0.010099910992452167	5712.130430670158
-469.5391465508933	0.4218968981571822	0.3179356079835612	0.4632236616207208	1.000527655750836	0.0	0.01009987588577928	5313.8747004223205
-395.3502681189933	0.1449747029508312	0.5249020109352772	0.18074216418779004	0.903477835508046	0.0	0.0101	5566.04664318744
-723.7434800102814	0.26097732263199447	0.5839510768659195	0.27575614083881955	1.3488221194561945	0.0	0.0101	4715.997182864958
